0,273
0,270
3,2
3,1
3,3
10,137
10,188
10,149
10,22
10,209
10,17
10,223
10,1
10,79
10,2
10,3
11,12
11,30
11,27
11,18
11,8
11,4
11,1
11,23
11,2
11,3
9,7
9,6
9,1
9,4
9,2
9,3
8,16
8,14
8,10
8,13
8,17
8,9
8,1
8,11
8,2
8,3
12,2
12,1
12,3
20,2
20,1
20,3
19,2
19,1
19,3
306,3
306,2
306,1
306,0
305,52
305,51
305,50
305,49
305,48
305,47
305,46
305,45
305,44
305,43
305,42
305,41
305,40
305,39
305,38
305,37
305,36
305,35
305,34
305,33
305,32
305,31
305,30
305,29
305,28
305,27
305,26
305,25
305,24
305,23
305,22
305,21
305,20
305,19
305,18
305,17
305,16
305,15
305,14
305,13
305,12
305,11
305,10
305,9
305,8
305,7
305,6
305,5
305,4
305,3
305,2
305,1
18,1
305,0
18,3
302,10
302,9
302,8
14,1
302,7
302,6
302,5
14,3
302,4
302,3
13,1
302,2
13,3
302,1
302,0
